mapw 12
maph 12
tile 0 0 1 0 0 0 0 0 0 0 0
tile 1 0 1 0 0 0 0 0 0 0 0
tile 2 0 1 0 0 0 0 0 0 0 0
tile 3 0 1 0 0 0 0 0 0 0 0
tile 4 0 0 1 0 0 0 0 0 0 0
tile 5 0 1 0 0 0 0 0 0 0 0
tile 6 0 1 0 0 0 0 0 0 0 0
tile 7 0 1 0 0 0 0 0 0 0 0
tile 8 0 1 0 0 0 0 0 0 0 0
tile 9 0 0 0 0 0 0 0 0 0 0
tile 10 0 1 0 0 0 0 0 0 0 0
tile 11 0 1 0 0 0 0 0 0 0 0
tile 12 0 1 0 0 0 0 0 0 0 0
tile 13 0 1 0 0 0 0 0 0 0 0
tile 14 0 1 0 0 0 0 0 0 0 0
tile 15 0 1 0 0 0 0 0 0 0 0
tile 16 0 1 0 0 0 0 0 0 0 0
tile 17 0 1 0 0 0 0 0 0 0 0
tile 18 0 1 0 0 0 0 0 0 0 0
tile 19 0 2 0 0 0 0 0 0 0 0
tile 20 0 1 0 0 0 0 0 0 0 0
tile 21 0 1 0 0 0 0 0 0 0 0
tile 22 0 1 0 0 0 0 0 0 0 0
tile 23 0 1 0 0 0 0 0 0 0 0
tile 24 0 1 0 0 0 0 0 0 0 0
tile 25 0 1 0 0 0 0 0 0 0 0
tile 26 0 1 0 0 0 0 0 0 0 0
tile 27 0 1 0 0 0 0 0 0 0 0
tile 28 0 1 0 0 0 0 0 0 3 0
tile 29 2 3 0 0 0 0 0 0 0 0
tile 30 1 4 0 0 0 0 0 0 0 0
tile 31 0 2 0 0 0 0 0 0 0 0
tile 32 0 1 0 0 0 0 0 0 0 0
tile 33 0 1 0 0 0 0 0 0 0 0
tile 34 0 2 0 0 0 0 0 0 0 0
tile 35 0 1 0 0 0 0 0 0 0 0
tile 36 0 1 0 0 0 0 0 0 0 0
tile 37 0 1 0 0 0 0 0 0 0 0
tile 38 0 1 0 0 0 0 0 0 0 0
tile 39 0 1 0 0 0 0 0 0 0 0
tile 40 8 2 1 0 0 4 0 0 0 0
tile 41 6 2 0 0 0 0 0 0 0 0
tile 42 13 4 0 0 0 0 0 0 0 0
tile 43 6 4 0 0 0 0 0 0 0 0
tile 44 0 1 0 0 0 0 0 0 0 0
tile 45 0 1 0 0 0 0 0 0 0 0
tile 46 0 2 0 0 0 0 0 0 0 0
tile 47 0 1 0 0 0 0 0 0 0 0
tile 48 0 1 0 0 0 0 0 0 0 0
tile 49 0 1 0 0 0 0 0 0 0 0
tile 50 0 1 0 0 0 0 0 0 0 0
tile 51 0 1 0 0 0 0 0 0 0 0
tile 52 6 1 0 0 0 0 0 0 0 0
tile 53 15 4 1 0 0 4 0 0 0 0
tile 54 15 4 1 2 0 0 0 0 0 0
tile 55 0 3 0 0 0 0 0 0 0 4
tile 56 0 1 0 0 0 0 0 0 0 0
tile 57 0 1 0 2 0 0 0 0 0 0
tile 58 0 1 0 0 0 0 0 0 0 0
tile 59 0 1 0 0 0 0 0 0 0 0
tile 60 0 1 0 0 0 0 0 0 0 0
tile 61 0 1 0 0 0 4 0 0 0 0
tile 62 0 1 0 0 0 0 0 0 0 0
tile 63 0 1 0 0 0 0 0 2 0 0
tile 64 6 1 0 0 0 4 0 0 0 0
tile 65 15 4 0 0 0 0 0 0 0 0
tile 66 13 4 0 2 0 0 0 0 0 0
tile 67 0 3 0 0 0 0 0 0 0 0
tile 68 0 1 0 0 0 0 0 0 0 0
tile 69 0 1 0 0 0 0 0 0 0 0
tile 70 0 2 0 0 0 0 0 0 0 0
tile 71 0 1 0 0 0 0 0 0 0 0
tile 72 0 1 0 0 0 0 0 0 0 0
tile 73 0 1 0 0 0 0 0 0 0 0
tile 74 0 1 0 0 0 0 0 0 0 0
tile 75 0 1 0 0 0 0 0 0 0 0
tile 76 6 1 0 0 0 0 0 0 0 0
tile 77 15 4 0 0 3 4 0 0 0 0
tile 78 15 4 0 2 3 0 0 0 0 0
tile 79 0 3 0 0 0 0 0 0 0 4
tile 80 0 1 0 0 0 0 0 0 0 0
tile 81 0 1 0 2 0 0 0 0 0 0
tile 82 0 2 0 0 0 0 0 0 0 0
tile 83 0 1 0 0 0 0 0 0 0 0
tile 84 0 1 0 0 0 0 0 0 0 0
tile 85 0 1 0 0 0 0 0 0 0 0
tile 86 0 1 0 0 0 0 0 0 0 0
tile 87 0 4 0 0 0 0 0 0 0 0
tile 88 8 1 0 0 3 4 0 0 0 0
tile 89 6 4 0 0 0 0 0 0 0 0
tile 90 13 4 0 0 0 0 0 0 0 0
tile 91 6 4 0 0 0 0 0 0 0 0
tile 92 0 1 0 0 0 0 0 0 0 0
tile 93 0 1 0 0 0 0 0 0 0 0
tile 94 0 2 0 0 0 0 0 0 0 0
tile 95 0 1 0 0 0 0 0 0 0 0
tile 96 0 1 0 0 0 0 0 0 0 0
tile 97 0 1 0 0 0 0 0 0 0 0
tile 98 0 1 0 0 0 0 0 0 0 0
tile 99 0 1 0 0 0 0 0 0 0 0
tile 100 0 1 0 0 0 0 1 0 0 0
tile 101 3 1 0 0 0 0 0 0 0 0
tile 102 1 4 0 0 0 0 0 0 0 0
tile 103 0 2 0 0 0 0 0 0 0 0
tile 104 0 1 0 0 0 0 0 0 0 0
tile 105 0 1 0 0 0 0 0 0 0 0
tile 106 0 2 0 0 0 0 0 0 0 0
tile 107 0 1 0 0 0 0 0 0 0 0
tile 108 0 1 0 0 0 0 0 0 0 0
tile 109 0 1 0 0 0 0 0 0 0 0
tile 110 0 1 0 0 0 0 0 0 0 0
tile 111 0 1 0 0 0 0 0 0 0 0
tile 112 0 1 0 0 0 0 0 0 0 0
tile 113 0 1 0 0 0 0 0 0 0 0
tile 114 0 2 0 0 0 0 0 0 0 0
tile 115 0 2 0 0 0 0 0 0 0 0
tile 116 0 1 0 0 0 0 0 0 0 0
tile 117 0 1 0 0 0 0 0 0 0 0
tile 118 0 2 0 0 0 0 0 0 0 0
tile 119 0 1 0 0 0 0 0 0 0 0
tile 120 0 1 0 0 0 0 0 0 0 0
tile 121 0 1 0 0 0 0 0 0 0 0
tile 122 0 1 0 0 0 0 0 0 0 0
tile 123 0 1 0 0 0 0 0 0 0 0
tile 124 0 1 0 0 3 0 0 0 0 0
tile 125 0 1 0 0 0 0 0 0 0 0
tile 126 0 2 0 0 0 0 0 0 0 0
tile 127 0 2 0 0 0 0 0 0 0 0
tile 128 0 1 0 0 0 0 0 0 0 0
tile 129 0 1 0 0 0 0 0 0 0 0
tile 130 0 2 0 0 0 0 0 0 0 0
tile 131 0 1 0 0 0 0 0 0 0 0
tile 132 0 1 0 0 0 0 0 0 0 0
tile 133 0 1 0 0 0 0 0 0 0 0
tile 134 0 1 0 0 0 0 0 0 0 0
tile 135 0 1 0 0 0 0 0 0 0 0
tile 136 0 1 0 0 0 0 0 0 0 0
tile 137 0 1 0 0 0 0 0 0 0 0
tile 138 0 1 0 0 0 0 0 0 0 0
tile 139 0 1 0 0 0 0 0 0 0 0
tile 140 0 1 0 0 0 0 0 0 0 0
tile 141 0 1 0 0 0 0 0 0 0 0
tile 142 0 1 0 0 0 0 0 0 0 0
tile 143 0 1 0 0 0 0 0 0 0 0
