mapw 5
maph 4
tile 0 0 0 0 0 0 0 0 0 0 0
tile 1 1 1 0 0 0 0 0 0 0 0
tile 2 6 1 0 0 0 0 0 0 0 0
tile 3 0 1 1 0 0 0 0 0 0 0
tile 4 17 0 0 0 0 0 0 0 0 0
tile 5 11 1 0 0 0 0 0 0 0 0
tile 6 3 1 0 0 0 0 0 0 0 0
tile 7 8 1 0 0 0 0 0 0 0 0
tile 8 0 1 0 0 0 0 1 0 0 0
tile 9 0 0 0 0 0 0 0 0 0 0
tile 10 12 1 0 0 0 0 0 0 0 0
tile 11 2 1 0 0 0 0 0 0 0 0
tile 12 7 1 0 0 0 0 0 0 0 0
tile 13 14 1 0 0 0 0 0 0 0 0
tile 14 0 0 0 0 0 0 0 0 0 0
tile 15 13 1 0 0 0 0 0 0 0 0
tile 16 4 1 0 0 0 0 0 0 0 0
tile 17 9 1 0 0 0 0 0 0 0 0
tile 18 15 1 0 0 0 0 0 0 0 0
tile 19 0 0 0 0 0 0 0 0 0 0
tile 20 0 0 0 0 0 0 0 0 0 0
tile 21 0 0 0 0 0 0 0 0 0 0
tile 22 0 0 0 0 0 0 0 0 0 0
tile 23 0 0 0 0 0 0 0 0 0 0
