mapw 12
maph 12
tile 0 0 0 0 0 0 0 0 0 0 0
tile 1 0 0 0 0 0 0 0 0 0 0
tile 2 0 1 1 0 0 0 0 0 0 0
tile 3 0 0 0 0 0 0 0 0 0 0
tile 4 0 1 1 0 0 0 0 0 0 0
tile 5 0 0 0 0 0 0 0 0 0 0
tile 6 0 1 0 0 0 0 0 0 0 0
tile 7 0 1 1 0 0 0 0 0 0 0
tile 8 0 0 0 0 0 0 0 0 0 0
tile 9 0 1 1 0 0 0 0 0 0 0
tile 10 0 0 0 0 0 0 0 0 0 0
tile 11 0 0 0 0 0 0 0 0 0 0
tile 12 0 0 0 0 0 0 0 0 0 0
tile 13 8 1 0 0 0 0 0 0 0 0
tile 14 6 2 0 0 0 0 0 0 0 0
tile 15 6 2 0 0 0 0 0 0 0 0
tile 16 8 2 0 0 0 0 0 0 0 0
tile 17 0 0 0 0 0 0 0 0 0 0
tile 18 0 4 0 0 0 0 0 0 0 0
tile 19 8 1 0 0 0 0 0 0 0 0
tile 20 6 2 0 0 0 0 0 0 0 0
tile 21 6 2 0 0 0 0 0 0 0 0
tile 22 8 2 0 0 0 0 0 0 0 0
tile 23 0 0 0 0 0 0 0 0 0 0
tile 24 0 4 0 0 0 4 0 0 0 0
tile 25 6 1 0 0 0 0 0 0 0 0
tile 26 11 2 0 0 0 0 0 0 0 0
tile 27 0 3 0 0 3 0 0 0 0 0
tile 28 6 3 0 0 0 0 0 0 0 0
tile 29 12 4 0 0 0 0 0 0 0 0
tile 30 0 0 0 0 0 0 0 0 0 0
tile 31 6 1 0 0 0 0 0 0 0 0
tile 32 11 2 0 0 0 0 0 0 0 0
tile 33 0 0 0 0 0 0 0 0 0 0
tile 34 6 3 0 0 0 0 0 0 0 0
tile 35 0 2 0 2 0 0 0 0 0 0
tile 36 0 0 0 0 0 0 0 0 0 0
tile 37 6 1 0 0 0 0 0 0 0 0
tile 38 14 2 0 0 0 0 0 0 0 0
tile 39 11 2 0 0 0 0 0 0 0 0
tile 40 6 3 0 0 0 0 0 0 0 0
tile 41 0 4 0 0 0 4 0 0 0 0
tile 42 0 2 0 0 0 2 0 0 0 2
tile 43 6 1 0 0 0 0 0 0 0 0
tile 44 15 2 0 0 0 0 0 0 0 0
tile 45 11 2 0 0 0 0 0 0 0 0
tile 46 6 3 0 0 0 0 0 0 0 0
tile 47 0 0 0 0 0 0 0 0 0 0
tile 48 0 4 0 0 0 4 0 0 0 0
tile 49 8 4 0 0 0 0 0 0 0 0
tile 50 6 4 0 0 0 0 0 0 0 0
tile 51 6 4 0 0 0 0 0 0 0 0
tile 52 8 3 0 0 0 0 0 0 0 0
tile 53 0 0 0 0 0 0 0 0 0 0
tile 54 12 4 0 0 0 0 0 0 0 0
tile 55 8 4 0 0 0 0 0 0 0 0
tile 56 6 4 0 0 0 0 0 0 0 0
tile 57 6 4 0 0 0 0 0 0 0 0
tile 58 8 3 0 0 0 0 0 0 0 0
tile 59 0 2 0 2 0 0 0 0 0 0
tile 60 0 0 0 0 0 0 0 0 0 0
tile 61 0 0 0 0 0 0 0 0 0 0
tile 62 0 0 0 0 0 0 0 0 0 0
tile 63 0 0 0 0 0 0 0 0 0 0
tile 64 12 4 0 0 0 0 0 0 0 0
tile 65 0 0 0 0 0 0 0 0 0 0
tile 66 0 0 0 0 0 0 0 0 0 0
tile 67 0 0 0 0 0 0 0 0 0 0
tile 68 0 1 1 0 0 0 1 0 0 0
tile 69 12 4 0 0 0 0 0 0 0 0
tile 70 0 0 0 0 0 0 0 0 0 0
tile 71 0 0 0 0 0 0 0 0 0 0
tile 72 0 0 0 0 0 0 0 0 0 0
tile 73 0 0 0 0 0 0 0 0 0 0
tile 74 12 4 0 0 0 0 0 0 0 0
tile 75 0 3 0 0 3 0 0 0 3 0
tile 76 0 0 0 0 0 0 0 0 0 0
tile 77 0 0 0 0 0 0 0 0 0 0
tile 78 0 0 0 0 0 0 0 0 0 0
tile 79 12 4 0 0 0 0 0 0 0 0
tile 80 0 0 0 0 0 0 0 0 0 0
tile 81 0 0 0 0 0 0 0 0 0 0
tile 82 0 0 0 0 0 0 0 0 0 0
tile 83 0 0 0 0 0 0 0 0 0 0
tile 84 0 4 0 0 0 4 0 0 0 0
tile 85 8 1 0 0 0 0 0 0 0 0
tile 86 6 2 0 0 0 0 0 0 0 0
tile 87 6 2 0 0 0 0 0 0 0 0
tile 88 8 2 0 0 0 0 0 0 0 0
tile 89 12 4 0 0 0 0 0 0 0 0
tile 90 0 0 0 0 0 0 0 0 0 0
tile 91 8 1 0 0 0 0 0 0 0 0
tile 92 6 2 0 0 0 0 0 0 0 0
tile 93 6 2 0 0 0 0 0 0 0 0
tile 94 8 2 0 0 0 0 0 0 0 0
tile 95 0 2 0 2 0 0 0 0 0 0
tile 96 0 0 0 0 0 0 0 0 0 0
tile 97 6 1 0 0 0 0 0 0 0 0
tile 98 11 2 0 0 0 0 0 0 0 0
tile 99 15 2 0 0 0 0 0 0 0 0
tile 100 6 3 0 0 0 0 0 0 0 0
tile 101 0 4 0 0 0 4 0 0 0 4
tile 102 0 2 0 2 0 0 0 0 0 0
tile 103 6 1 0 0 0 0 0 0 0 0
tile 104 11 2 0 0 0 0 0 0 0 0
tile 105 14 2 0 0 0 0 0 0 0 0
tile 106 6 3 0 0 0 0 0 0 0 0
tile 107 0 0 0 0 0 0 0 0 0 0
tile 108 0 4 0 0 0 4 0 0 0 0
tile 109 6 1 0 0 0 0 0 0 0 0
tile 110 0 0 0 0 0 0 0 0 0 0
tile 111 11 2 0 0 0 0 0 0 0 0
tile 112 6 3 0 0 0 0 0 0 0 0
tile 113 0 0 0 0 0 0 0 0 0 0
tile 114 12 4 0 0 0 0 0 0 0 0
tile 115 6 1 0 0 0 0 0 0 0 0
tile 116 0 1 1 0 0 0 0 0 0 0
tile 117 11 2 0 0 0 0 0 0 0 0
tile 118 6 3 0 0 0 0 0 0 0 0
tile 119 0 2 0 2 0 0 0 0 0 0
tile 120 0 0 0 0 0 0 0 0 0 0
tile 121 8 4 0 0 0 0 0 0 0 0
tile 122 6 4 0 0 0 0 0 0 0 0
tile 123 6 4 0 0 0 0 0 0 0 0
tile 124 8 3 0 0 0 0 0 0 0 0
tile 125 0 0 0 0 0 0 0 0 0 0
tile 126 0 0 0 0 0 0 0 0 0 0
tile 127 8 4 0 0 0 0 0 0 0 0
tile 128 6 4 0 0 0 0 0 0 0 0
tile 129 6 4 0 0 0 0 0 0 0 0
tile 130 8 3 0 0 0 0 0 0 0 0
tile 131 0 0 0 0 0 0 0 0 0 0
tile 132 0 0 0 0 0 0 0 0 0 0
tile 133 0 0 0 0 0 0 0 0 0 0
tile 134 0 3 0 0 3 0 0 0 0 0
tile 135 0 0 0 0 0 0 0 0 0 0
tile 136 0 3 0 0 3 0 0 0 0 0
tile 137 0 0 0 0 0 0 0 0 0 0
tile 138 0 0 0 0 0 0 0 0 0 0
tile 139 0 3 0 0 3 0 0 0 0 0
tile 140 0 0 0 0 0 0 0 0 0 0
tile 141 0 3 0 0 3 0 0 0 0 0
tile 142 0 0 0 0 0 0 0 0 0 0
tile 143 0 0 0 0 0 0 0 0 0 0
