mapw 12
maph 4
tile 0 5 0 0 0 0 0 0 0 0
tile 1 0 0 0 0 0 0 0 0 0
tile 2 0 1 0 0 0 0 0 0 0
tile 3 0 0 0 0 0 0 0 0 0
tile 4 0 1 0 0 4 0 0 0 0
tile 5 0 0 0 0 0 0 0 0 0
tile 6 0 0 0 0 0 0 0 0 0
tile 7 0 1 2 0 0 0 0 0 0
tile 8 0 0 0 0 0 0 0 0 0
tile 9 0 1 0 0 0 0 0 0 0
tile 10 0 0 0 0 0 0 0 0 0
tile 11 5 0 0 0 0 0 0 0 0
tile 12 0 0 0 0 0 0 0 0 0
tile 13 5 0 0 0 4 0 0 0 0
tile 14 0 0 0 0 4 0 0 0 0
tile 15 0 0 0 0 0 0 0 0 0
tile 16 0 0 0 0 0 0 0 0 0
tile 17 0 0 0 0 0 0 0 0 0
tile 18 0 0 0 0 0 0 0 0 0
tile 19 0 0 0 0 0 0 0 0 0
tile 20 0 0 0 0 0 0 0 0 0
tile 21 0 0 0 0 0 0 0 0 0
tile 22 5 0 0 0 4 0 0 0 0
tile 23 0 0 0 0 4 0 0 0 0
tile 24 1 0 0 0 0 0 0 0 0
tile 25 1 0 0 0 0 0 0 0 0
tile 26 1 0 0 0 0 0 0 0 0
tile 27 5 0 0 0 0 0 0 0 0
tile 28 0 0 0 0 0 0 0 0 0
tile 29 0 0 0 0 0 0 0 0 0
tile 30 0 0 0 0 4 0 0 0 0
tile 31 0 0 0 0 0 0 0 0 0
tile 32 5 0 0 0 0 0 0 0 0
tile 33 1 0 0 0 0 0 0 0 0
tile 34 1 0 0 0 0 0 0 0 0
tile 35 1 0 0 0 0 0 0 0 0
tile 36 0 0 0 0 0 0 0 0 0
tile 37 0 0 0 0 0 0 0 0 0
tile 38 1 0 0 0 0 0 0 0 0
tile 39 1 0 0 0 0 0 0 0 0
tile 40 1 0 0 0 0 0 0 0 0
tile 41 5 0 0 0 0 0 0 0 0
tile 42 5 0 0 0 4 0 0 0 0
tile 43 1 0 0 0 0 0 0 0 0
tile 44 1 0 0 0 0 0 0 0 0
tile 45 1 0 0 0 0 0 0 0 0
tile 46 0 0 0 0 0 0 0 0 0
tile 47 0 0 0 0 0 0 0 0 0
